8,7
8,6
8,5
8,4
8,3
8,2
8,1
7,11
7,10
7,9
7,8
7,7
7,6
7,5
7,4
7,3
7,2
7,1
6,78
6,77
6,76
6,75
6,74
6,73
6,72
6,71
6,70
6,69
6,68
6,67
6,66
6,65
6,64
6,63
6,62
6,61
6,60
6,59
6,58
6,57
6,56
6,55
6,54
6,53
6,52
6,51
6,50
6,49
6,48
6,47
6,46
6,45
6,44
6,43
6,42
6,41
6,40
6,39
6,38
6,37
6,36
6,35
6,34
6,33
6,32
6,31
6,30
6,29
6,28
6,27
6,26
6,25
6,24
6,23
6,22
6,21
6,20
6,19
6,18
6,17
6,16
6,15
6,14
6,13
6,12
6,11
6,10
6,9
6,8
6,7
6,6
6,5
6,4
6,3
6,2
6,1
5,39
5,37
5,36
5,35
5,34
5,33
5,31
5,30
5,29
5,28
5,27
5,26
5,25
5,24
5,23
5,22
5,21
5,20
5,19
5,15
5,14
5,13
5,12
5,11
5,9
5,8
5,7
5,6
5,5
5,4
5,3
5,2
5,1
2,3
1,3
0,410
0,327
0,243
0,9
0,0
0,1
0,346
0,300
0,397
0,299
0,345
0,298
0,309
0,297
0,334
0,296
0,396
0,295
0,308
0,294
0,395
0,293
0,316
0,292
0,417
0,291
0,394
0,290
0,415
0,289
0,307
0,288
0,398
0,287
0,408
0,286
0,443
0,285
0,301
0,284
0,440
0,283
0,344
0,282
0,383
0,281
0,393
0,280
0,343
0,279
0,342
0,278
0,332
0,277
0,341
0,276
0,340
0,275
0,399
0,274
0,392
0,273
0,338
0,272
0,337
0,271
0,391
0,270
0,336
0,269
0,381
0,268
4,3
0,376
0,267
0,335
0,266
0,326
0,265
0,442
0,264
0,333
0,263
0,373
0,262
0,382
0,261
0,375
0,260
0,370
0,259
0,330
0,258
0,369
0,257
0,328
0,256
0,321
0,255
0,324
0,254
0,368
0,253
0,350
0,252
0,371
0,251
0,439
0,250
0,426
0,249
0,367
0,248
0,365
0,247
0,331
0,246
0,388
0,245
0,438
0,244
0,323
0,242
0,320
0,241
0,364
0,240
0,363
0,239
0,437
0,238
0,436
0,237
0,361
0,236
0,430
0,235
0,360
0,234
0,359
0,233
0,366
0,232
0,362
0,231
0,423
0,230
0,358
0,229
0,347
0,228
0,422
0,227
0,420
0,226
0,414
0,225
0,447
0,224
0,357
0,223
0,411
0,222
0,446
0,221
0,402
0,220
0,386
0,219
0,325
0,218
0,390
0,217
0,389
0,216
0,387
0,215
0,322
0,214
0,356
0,213
0,355
0,212
0,380
0,211
0,339
0,210
0,385
0,209
0,317
0,208
0,384
0,207
0,315
0,206
0,314
0,205
0,313
0,204
0,319
0,203
0,312
0,202
0,445
0,201
0,329
0,200
0,354
0,199
0,441
0,198
0,435
0,197
0,352
0,196
0,311
0,195
0,372
0,194
0,444
0,193
0,379
0,192
0,351
0,63
0,434
0,62
0,431
0,61
0,310
0,60
0,378
0,59
0,349
0,58
0,412
0,57
0,425
0,56
0,421
0,55
0,318
0,54
0,424
0,53
0,377
0,52
0,374
0,51
0,432
0,50
0,429
0,49
0,353
0,48
0,348
0,47
0,427
0,46
0,433
0,45
0,428
0,6
0,5
0,304
0,303
0,306
0,305
0,302
0,12
0,10
0,8
0,11
0,4
0,2
0,3
0,7
8,0
7,0
6,0
5,0
